{
    "camera_angle_x": 0.9586940770358545,
    "camera_angle_y": 0.9586940770358545,
    "fl_x": 961.9432384052794,
    "fl_y": 961.9432384052794,
    "k1": -0.0516454060997644,
    "k2": 0.2903547122375136,
    "p1": 0.0034270278464921555,
    "p2": 0.003975260840460664,
    "cx": 507.71035882846104,
    "cy": 508.0765265318413,
    "w": 1000.0,
    "h": 1000.0,
    "aabb_scale": 16,
    "frames": [
        {
            "file_path": "./data/nerf_llff_data/stone/images/000.png",
            "sharpness": 1336.3867652655108,
            "transform_matrix": [
                [
                    0.30192752080472257,
                    0.17487962702966758,
                    0.9371536097303781,
                    3.9902062427851064
                ],
                [
                    0.9479188857441319,
                    0.04952626869587651,
                    -0.31463778342511006,
                    -0.5252493905015381
                ],
                [
                    -0.10143745969964192,
                    0.9833434114077482,
                    -0.150818357671257,
                    1.2005822156939083
                ],
                [
                    0.0,
                    0.0,
                    0.0,
                    1.0
                ]
            ]
        },
        {
            "file_path": "./data/nerf_llff_data/stone/images/001.png",
            "sharpness": 2446.074544728559,
            "transform_matrix": [
                [
                    0.4177409556185477,
                    0.10007973767497354,
                    0.9030373968478885,
                    0.21880243809812372
                ],
                [
                    0.9012172722889517,
                    0.08051616812627743,
                    -0.4258222337998833,
                    0.3161107531828754
                ],
                [
                    -0.11532528832378404,
                    0.9917162864333577,
                    -0.05655868718301926,
                    -0.754354229635601
                ],
                [
                    0.0,
                    0.0,
                    0.0,
                    1.0
                ]
            ]
        },
        {
            "file_path": "./data/nerf_llff_data/stone/images/002.png",
            "sharpness": 891.1473094299915,
            "transform_matrix": [
                [
                    0.40379349291785527,
                    0.22413068109777887,
                    0.8869702660562214,
                    0.3999275348217628
                ],
                [
                    0.9074674473650906,
                    0.024794136231033992,
                    -0.4193901319550142,
                    0.19581614908579736
                ],
                [
                    -0.11598985753023895,
                    0.9742436495041694,
                    -0.19337958617939066,
                    -0.6372174968820374
                ],
                [
                    0.0,
                    0.0,
                    0.0,
                    1.0
                ]
            ]
        },
        {
            "file_path": "./data/nerf_llff_data/stone/images/003.png",
            "sharpness": 1556.4155935634706,
            "transform_matrix": [
                [
                    0.2925881904461946,
                    0.29410644947984116,
                    0.9098865573167809,
                    0.6255951126090609
                ],
                [
                    0.9511757559904729,
                    0.008271244250622936,
                    -0.30853892418056206,
                    -0.03840675118984849
                ],
                [
                    -0.09826918147300054,
                    0.9557368795295639,
                    -0.27732685603763346,
                    -0.4904401481807099
                ],
                [
                    0.0,
                    0.0,
                    0.0,
                    1.0
                ]
            ]
        },
        {
            "file_path": "./data/nerf_llff_data/stone/images/004.png",
            "sharpness": 1929.11411015911,
            "transform_matrix": [
                [
                    0.15504206947305102,
                    0.24427130088785015,
                    0.9572322018486794,
                    0.6063694438341227
                ],
                [
                    0.9875599809571682,
                    -0.012610213844016588,
                    -0.15673629611128745,
                    -0.2794471441376598
                ],
                [
                    -0.02621527618375679,
                    0.9696249347399054,
                    -0.243187674904062,
                    -0.46465373499394236
                ],
                [
                    0.0,
                    0.0,
                    0.0,
                    1.0
                ]
            ]
        },
        {
            "file_path": "./data/nerf_llff_data/stone/images/005.png",
            "sharpness": 2358.6314437559963,
            "transform_matrix": [
                [
                    0.17302651352581216,
                    -0.08396384060736334,
                    0.9813316967710579,
                    0.3451748166742763
                ],
                [
                    0.9843511867933354,
                    0.0485149572520635,
                    -0.16940791003191824,
                    -0.27675559589718324
                ],
                [
                    -0.03338512656339626,
                    0.9952870803910258,
                    0.09104428005676299,
                    -0.744696410589242
                ],
                [
                    0.0,
                    0.0,
                    0.0,
                    1.0
                ]
            ]
        },
        {
            "file_path": "./data/nerf_llff_data/stone/images/006.png",
            "sharpness": 1084.332239949375,
            "transform_matrix": [
                [
                    0.33008303402066874,
                    -0.09457801031681656,
                    0.9392018902324581,
                    0.36247291146208394
                ],
                [
                    0.9429985540742583,
                    0.07774473391295032,
                    -0.32358844751112764,
                    -0.012103117492122117
                ],
                [
                    -0.04241364951955243,
                    0.9924770810015292,
                    0.11484914462509499,
                    -0.752802404307594
                ],
                [
                    0.0,
                    0.0,
                    0.0,
                    1.0
                ]
            ]
        },
        {
            "file_path": "./data/nerf_llff_data/stone/images/007.png",
            "sharpness": 1057.3927268327195,
            "transform_matrix": [
                [
                    0.4445898573807239,
                    0.09731059837369689,
                    0.8904327634124548,
                    0.5848895610467619
                ],
                [
                    0.8893498584120791,
                    0.07052145900291416,
                    -0.4517560770620745,
                    0.26825445550422555
                ],
                [
                    -0.10675527179770743,
                    0.9927524219382458,
                    -0.05519004148525584,
                    -0.6155646725967405
                ],
                [
                    0.0,
                    0.0,
                    0.0,
                    1.0
                ]
            ]
        },
        {
            "file_path": "./data/nerf_llff_data/stone/images/008.png",
            "sharpness": 1708.439404806478,
            "transform_matrix": [
                [
                    0.4311908774852165,
                    0.2261921590580333,
                    0.8734480719276869,
                    0.7155585965465034
                ],
                [
                    0.8959584440936859,
                    0.00687803100307946,
                    -0.44408463061306447,
                    0.17105464634318213
                ],
                [
                    -0.10645606432115688,
                    0.974058417072706,
                    -0.19969303067223876,
                    -0.4874333565036504
                ],
                [
                    0.0,
                    0.0,
                    0.0,
                    1.0
                ]
            ]
        },
        {
            "file_path": "./data/nerf_llff_data/stone/images/009.png",
            "sharpness": 1041.6602626291187,
            "transform_matrix": [
                [
                    0.4078249783510063,
                    0.34886112960320415,
                    0.843785932144509,
                    0.8870430828053317
                ],
                [
                    0.9053587368526228,
                    -0.03473241388520169,
                    -0.42322478310034006,
                    -0.0495211972163182
                ],
                [
                    -0.11833995368270186,
                    0.9365306037058713,
                    -0.3300092175753467,
                    -0.3069505039450968
                ],
                [
                    0.0,
                    0.0,
                    0.0,
                    1.0
                ]
            ]
        },
        {
            "file_path": "./data/nerf_llff_data/stone/images/010.png",
            "sharpness": 3054.7171691158987,
            "transform_matrix": [
                [
                    0.26233864790871,
                    0.3743308676917151,
                    0.8894126350050343,
                    1.0139160498447275
                ],
                [
                    0.9604800418134904,
                    -0.012424251754059104,
                    -0.2780714427018853,
                    -0.2924806366682351
                ],
                [
                    -0.0930404379363401,
                    0.9272119711595181,
                    -0.3627966888590556,
                    -0.3425053919979111
                ],
                [
                    0.0,
                    0.0,
                    0.0,
                    1.0
                ]
            ]
        },
        {
            "file_path": "./data/nerf_llff_data/stone/images/011.png",
            "sharpness": 2284.071965989975,
            "transform_matrix": [
                [
                    0.04742958368570904,
                    0.3102739662228137,
                    0.9494632696822792,
                    0.9581973619843684
                ],
                [
                    0.9988540265184433,
                    -0.008634130833672706,
                    -0.04707531723356755,
                    -0.5265779870019833
                ],
                [
                    -0.006408455297052707,
                    0.9506079726517717,
                    -0.31032791371643403,
                    -0.41609341414857237
                ],
                [
                    0.0,
                    0.0,
                    0.0,
                    1.0
                ]
            ]
        },
        {
            "file_path": "./data/nerf_llff_data/stone/images/012.png",
            "sharpness": 789.117360756951,
            "transform_matrix": [
                [
                    0.080435821092488,
                    0.20665816258196662,
                    0.9751012678298714,
                    0.8538943334808518
                ],
                [
                    0.9967355521705492,
                    -0.0098541890816979,
                    -0.08013197861536009,
                    -0.5632365823127208
                ],
                [
                    -0.006951095197708798,
                    0.978363582108302,
                    -0.20677616758167433,
                    -0.46695800873725357
                ],
                [
                    0.0,
                    0.0,
                    0.0,
                    1.0
                ]
            ]
        },
        {
            "file_path": "./data/nerf_llff_data/stone/images/013.png",
            "sharpness": 2277.6944709235213,
            "transform_matrix": [
                [
                    0.1319958756449278,
                    0.08471353706892201,
                    0.9876237671552872,
                    0.7484073077564788
                ],
                [
                    0.9901124193729766,
                    0.036457708052720986,
                    -0.1354556478222052,
                    -0.396862362970696
                ],
                [
                    -0.047481426011857175,
                    0.995738144373718,
                    -0.07906365804252656,
                    -0.5855217718641077
                ],
                [
                    0.0,
                    0.0,
                    0.0,
                    1.0
                ]
            ]
        },
        {
            "file_path": "./data/nerf_llff_data/stone/images/014.png",
            "sharpness": 1157.7175982413592,
            "transform_matrix": [
                [
                    0.2761757370055592,
                    -0.00019961780118241124,
                    0.9611071336964312,
                    0.6874348199622506
                ],
                [
                    0.9596904420313516,
                    0.05433352532067613,
                    -0.2757573634554414,
                    -0.18550517440717607
                ],
                [
                    -0.052165292706024685,
                    0.9985228230636297,
                    0.015197172695401856,
                    -0.6729569343265593
                ],
                [
                    0.0,
                    0.0,
                    0.0,
                    1.0
                ]
            ]
        },
        {
            "file_path": "./data/nerf_llff_data/stone/images/015.png",
            "sharpness": 1429.7305412607843,
            "transform_matrix": [
                [
                    0.4040761885074304,
                    0.04507196480638328,
                    0.9136142248617846,
                    0.7336053855003319
                ],
                [
                    0.9104002575365502,
                    0.07719560110477557,
                    -0.4064630490554524,
                    0.010894698272096659
                ],
                [
                    -0.08884708750820167,
                    0.9959966652346606,
                    -0.00984062410345229,
                    -0.6452242770575767
                ],
                [
                    0.0,
                    0.0,
                    0.0,
                    1.0
                ]
            ]
        },
        {
            "file_path": "./data/nerf_llff_data/stone/images/016.png",
            "sharpness": 513.3588139409993,
            "transform_matrix": [
                [
                    0.38230341156216485,
                    0.20560970428057904,
                    0.9008711067703205,
                    0.7910999580189482
                ],
                [
                    0.9155145854948952,
                    0.04782178105109683,
                    -0.39943224832656105,
                    -0.048992245750365315
                ],
                [
                    -0.1252084072817805,
                    0.9774649491223476,
                    -0.16995625314534885,
                    -0.4184673775289527
                ],
                [
                    0.0,
                    0.0,
                    0.0,
                    1.0
                ]
            ]
        },
        {
            "file_path": "./data/nerf_llff_data/stone/images/017.png",
            "sharpness": 559.0920644801589,
            "transform_matrix": [
                [
                    0.3480797795048401,
                    0.3750916616794908,
                    0.8591546498962688,
                    1.004523395444664
                ],
                [
                    0.9281279490226719,
                    -0.008859412131667382,
                    -0.37215590961269257,
                    -0.161780246002031
                ],
                [
                    -0.13198097341219767,
                    0.9269453900609246,
                    -0.35121683687142485,
                    -0.2531330305509978
                ],
                [
                    0.0,
                    0.0,
                    0.0,
                    1.0
                ]
            ]
        },
        {
            "file_path": "./data/nerf_llff_data/stone/images/018.png",
            "sharpness": 895.6611769636709,
            "transform_matrix": [
                [
                    0.44663510629521663,
                    0.3146914813107812,
                    0.8375478215690657,
                    0.9906265027946639
                ],
                [
                    0.8816425036233381,
                    0.004646299097008028,
                    -0.471895017678163,
                    0.045820120654819
                ],
                [
                    -0.15239283982337576,
                    0.9491826396932931,
                    -0.27537018516070233,
                    -0.34843305222418763
                ],
                [
                    0.0,
                    0.0,
                    0.0,
                    1.0
                ]
            ]
        },
        {
            "file_path": "./data/nerf_llff_data/stone/images/019.png",
            "sharpness": 577.2277559461761,
            "transform_matrix": [
                [
                    0.4132617705346457,
                    0.16663473942981982,
                    0.8952360429684041,
                    0.8412553146448642
                ],
                [
                    0.897830784978432,
                    0.08957758639773221,
                    -0.4311330856709683,
                    0.10779458804705566
                ],
                [
                    -0.15203483337572216,
                    0.9819413015197564,
                    -0.11259080695200462,
                    -0.49772524478238056
                ],
                [
                    0.0,
                    0.0,
                    0.0,
                    1.0
                ]
            ]
        },
        {
            "file_path": "./data/nerf_llff_data/stone/images/020.png",
            "sharpness": 1294.8926479549746,
            "transform_matrix": [
                [
                    0.1228449853758017,
                    0.35516276398840496,
                    0.9266976425156889,
                    1.1037966224580273
                ],
                [
                    0.9912227336663995,
                    0.002055840992741184,
                    -0.13218648108154632,
                    -0.2634230767671999
                ],
                [
                    -0.048852858984183345,
                    0.9348022168319511,
                    -0.3517928560604132,
                    -0.389117706835457
                ],
                [
                    0.0,
                    0.0,
                    0.0,
                    1.0
                ]
            ]
        },
        {
            "file_path": "./data/nerf_llff_data/stone/images/021.png",
            "sharpness": 1587.3751763853109,
            "transform_matrix": [
                [
                    0.2788452535993722,
                    0.22304433236611798,
                    0.934075238053367,
                    1.0685171046464794
                ],
                [
                    0.9509945546202128,
                    0.07120175417089292,
                    -0.3008981011666433,
                    -0.05455984342068443
                ],
                [
                    -0.1336214115619407,
                    0.9722044723217129,
                    -0.19225967432057658,
                    -0.3540170435047947
                ],
                [
                    0.0,
                    0.0,
                    0.0,
                    1.0
                ]
            ]
        },
        {
            "file_path": "./data/nerf_llff_data/stone/images/022.png",
            "sharpness": 25.740496247024005,
            "transform_matrix": [
                [
                    0.30322765390002915,
                    0.14367639616273692,
                    0.9420244599244609,
                    0.6355641314389371
                ],
                [
                    0.9407163176773727,
                    0.1125588822049797,
                    -0.31997391720621754,
                    0.19378374409121457
                ],
                [
                    -0.15200591950911044,
                    0.983202721325797,
                    -0.10102776455873869,
                    -0.2977365188614951
                ],
                [
                    0.0,
                    0.0,
                    0.0,
                    1.0
                ]
            ]
        },
        {
            "file_path": "./data/nerf_llff_data/stone/images/023.png",
            "sharpness": 37.799066930844006,
            "transform_matrix": [
                [
                    0.31242903434652997,
                    0.29541960976942694,
                    0.9028373899329681,
                    0.6353729873939673
                ],
                [
                    0.9413954652130352,
                    0.030908416240764555,
                    -0.33588576611970367,
                    0.16193260978358026
                ],
                [
                    -0.1271325157999615,
                    0.9548674902671925,
                    -0.2684499943326601,
                    -0.379685878432761
                ],
                [
                    0.0,
                    0.0,
                    0.0,
                    1.0
                ]
            ]
        },
        {
            "file_path": "./data/nerf_llff_data/stone/images/024.png",
            "sharpness": 1177.547313920476,
            "transform_matrix": [
                [
                    0.32171579404687034,
                    0.27683088577092685,
                    0.9054632010987947,
                    0.9779242932243584
                ],
                [
                    0.9340600172766905,
                    0.06377657609467596,
                    -0.3513750595399579,
                    0.14463506348723676
                ],
                [
                    -0.1550188117160645,
                    0.9587998795499122,
                    -0.2380587301260238,
                    -0.3878341717994602
                ],
                [
                    0.0,
                    0.0,
                    0.0,
                    1.0
                ]
            ]
        },
        {
            "file_path": "./data/nerf_llff_data/stone/images/025.png",
            "sharpness": 2363.644504956319,
            "transform_matrix": [
                [
                    0.32052853122371755,
                    0.30417506147243745,
                    0.8970724567446069,
                    0.3490497943166333
                ],
                [
                    0.9342306786252039,
                    0.054896450177691486,
                    -0.3524193792534385,
                    0.46404256684143647
                ],
                [
                    -0.15644327977595257,
                    0.951033076047372,
                    -0.2665737955554075,
                    -0.04985320639232338
                ],
                [
                    0.0,
                    0.0,
                    0.0,
                    1.0
                ]
            ]
        },
        {
            "file_path": "./data/nerf_llff_data/stone/images/026.png",
            "sharpness": 1254.1823527243757,
            "transform_matrix": [
                [
                    0.26578312012773586,
                    0.36563105321431644,
                    0.8920051939201674,
                    0.1065373740150024
                ],
                [
                    0.952423240119942,
                    0.04357643348443785,
                    -0.3016472544615766,
                    0.7839280815525771
                ],
                [
                    -0.14916200834862836,
                    0.9297392254660263,
                    -0.33665363193531367,
                    0.1426643809338568
                ],
                [
                    0.0,
                    0.0,
                    0.0,
                    1.0
                ]
            ]
        },
        {
            "file_path": "./data/nerf_llff_data/stone/images/027.png",
            "sharpness": 3053.8314857559644,
            "transform_matrix": [
                [
                    0.3461054593901556,
                    0.35158824904346675,
                    0.8698256803031732,
                    0.9117765296076503
                ],
                [
                    0.9245092969961431,
                    0.02997247947376805,
                    -0.3799792234345088,
                    0.37747095649877893
                ],
                [
                    -0.1596670621888785,
                    0.9356748118917934,
                    -0.31467296617794943,
                    -0.342086029594165
                ],
                [
                    0.0,
                    0.0,
                    0.0,
                    1.0
                ]
            ]
        },
        {
            "file_path": "./data/nerf_llff_data/stone/images/028.png",
            "sharpness": 2439.1304262077597,
            "transform_matrix": [
                [
                    0.14001749340029573,
                    0.32238807210302517,
                    0.9361949756902096,
                    0.9493089190370818
                ],
                [
                    0.987644694627268,
                    0.0217312903743484,
                    -0.15519570932624394,
                    0.0567712493844873
                ],
                [
                    -0.0703779703920793,
                    0.9463581150834812,
                    -0.3153621082170959,
                    -0.33745604224440884
                ],
                [
                    0.0,
                    0.0,
                    0.0,
                    1.0
                ]
            ]
        },
        {
            "file_path": "./data/nerf_llff_data/stone/images/029.png",
            "sharpness": 659.3273349998306,
            "transform_matrix": [
                [
                    0.15949993062857068,
                    0.06871381026886754,
                    0.9848036273327873,
                    0.8333094763154651
                ],
                [
                    0.9824391169603162,
                    0.08678423827425237,
                    -0.16517226599339338,
                    0.0944940995626361
                ],
                [
                    -0.09681504839494567,
                    0.9938545709838489,
                    -0.05366505509912818,
                    -0.47863211610612355
                ],
                [
                    0.0,
                    0.0,
                    0.0,
                    1.0
                ]
            ]
        },
        {
            "file_path": "./data/nerf_llff_data/stone/images/030.png",
            "sharpness": 853.410927993276,
            "transform_matrix": [
                [
                    0.34373727033434504,
                    0.13898198876689857,
                    0.9287242302112564,
                    0.8303754383835726
                ],
                [
                    0.9276247602755942,
                    0.10365586037475427,
                    -0.35884225884588306,
                    0.36176165971412133
                ],
                [
                    -0.14614031992143622,
                    0.9848550499481471,
                    -0.0932927515131437,
                    -0.45386138518318786
                ],
                [
                    0.0,
                    0.0,
                    0.0,
                    1.0
                ]
            ]
        },
        {
            "file_path": "./data/nerf_llff_data/stone/images/031.png",
            "sharpness": 6498.436699211104,
            "transform_matrix": [
                [
                    0.43667930759154405,
                    0.20399023933746804,
                    0.8761844352511702,
                    1.3308493007777051
                ],
                [
                    0.8873786786057606,
                    0.06243481642277362,
                    -0.45679423645023104,
                    -1.093467643631315
                ],
                [
                    -0.147885979988857,
                    0.9769799772530126,
                    -0.15375259662665341,
                    -0.7662572705104544
                ],
                [
                    0.0,
                    0.0,
                    0.0,
                    1.0
                ]
            ]
        },
        {
            "file_path": "./data/nerf_llff_data/stone/images/032.png",
            "sharpness": 5995.452503640976,
            "transform_matrix": [
                [
                    0.44133406135588743,
                    0.22772894519170325,
                    0.867965306800331,
                    1.5246293832665556
                ],
                [
                    0.8848144465573524,
                    0.050628501999400506,
                    -0.46318479028213183,
                    -0.8326381128195111
                ],
                [
                    -0.14942436699054107,
                    0.9724074672210056,
                    -0.17915377819712616,
                    0.38491932119281413
                ],
                [
                    0.0,
                    0.0,
                    0.0,
                    1.0
                ]
            ]
        },
        {
            "file_path": "./data/nerf_llff_data/stone/images/033.png",
            "sharpness": 3399.2604253377744,
            "transform_matrix": [
                [
                    0.17982526006774294,
                    0.33929416522423284,
                    0.9233321966044289,
                    1.2824426474355881
                ],
                [
                    0.9796349603298089,
                    0.02346037328302771,
                    -0.19941152269875417,
                    -1.7840127190127244
                ],
                [
                    -0.08932088412674485,
                    0.9403877287216224,
                    -0.3281656583626702,
                    -0.3264124264210806
                ],
                [
                    0.0,
                    0.0,
                    0.0,
                    1.0
                ]
            ]
        },
        {
            "file_path": "./data/nerf_llff_data/stone/images/034.png",
            "sharpness": 4429.660565981504,
            "transform_matrix": [
                [
                    0.19221605292922075,
                    0.15175878000681864,
                    0.9695474520038475,
                    1.1584356622401621
                ],
                [
                    0.9796433508891189,
                    0.02861298103463948,
                    -0.1986962565703,
                    -1.8860136653514374
                ],
                [
                    -0.057895544345399716,
                    0.9880033248968116,
                    -0.1431696054957074,
                    -0.7688067023195955
                ],
                [
                    0.0,
                    0.0,
                    0.0,
                    1.0
                ]
            ]
        },
        {
            "file_path": "./data/nerf_llff_data/stone/images/035.png",
            "sharpness": 3128.4244141255585,
            "transform_matrix": [
                [
                    0.3844265614063076,
                    0.1452074981786171,
                    0.9116638642383659,
                    1.2003297868984308
                ],
                [
                    0.913852037606038,
                    0.0799917887508573,
                    -0.3980901494582989,
                    -1.2356367119732796
                ],
                [
                    -0.13073129789233695,
                    0.9861623072320018,
                    -0.10194719979597235,
                    -0.758755572379024
                ],
                [
                    0.0,
                    0.0,
                    0.0,
                    1.0
                ]
            ]
        },
        {
            "file_path": "./data/nerf_llff_data/stone/images/036.png",
            "sharpness": 3936.1161635375997,
            "transform_matrix": [
                [
                    0.4370603182588828,
                    0.2682000649835642,
                    0.8585144165046129,
                    1.1616206549529693
                ],
                [
                    0.8882597764795817,
                    0.021271731525204784,
                    -0.45884864925851404,
                    -0.8776192082677796
                ],
                [
                    -0.14132532572715809,
                    0.9631283603864705,
                    -0.22893430002378617,
                    -0.7025765062657978
                ],
                [
                    0.0,
                    0.0,
                    0.0,
                    1.0
                ]
            ]
        },
        {
            "file_path": "./data/nerf_llff_data/stone/images/037.png",
            "sharpness": 634.5956409391,
            "transform_matrix": [
                [
                    0.30746966683613786,
                    0.3325845881044569,
                    0.8915435467385001,
                    1.022801197632146
                ],
                [
                    0.9454384416413472,
                    -0.0006876449717980737,
                    -0.3258000617114348,
                    -1.2357320649751424
                ],
                [
                    -0.10774301389165042,
                    0.9430731779134548,
                    -0.31464968466178656,
                    -0.49914211073499004
                ],
                [
                    0.0,
                    0.0,
                    0.0,
                    1.0
                ]
            ]
        },
        {
            "file_path": "./data/nerf_llff_data/stone/images/038.png",
            "sharpness": 1106.1645213103998,
            "transform_matrix": [
                [
                    0.28847221051138977,
                    0.19704567493196593,
                    0.9369934822362842,
                    1.2271868839401274
                ],
                [
                    0.947169526211635,
                    0.08455578582328065,
                    -0.3093868253494891,
                    -1.00802684139303
                ],
                [
                    -0.1401915560178296,
                    0.9767411740447993,
                    -0.16224366411939245,
                    -0.5866294245556203
                ],
                [
                    0.0,
                    0.0,
                    0.0,
                    1.0
                ]
            ]
        },
        {
            "file_path": "./data/nerf_llff_data/stone/images/039.png",
            "sharpness": 8240.393242961974,
            "transform_matrix": [
                [
                    0.15529378973644958,
                    0.39909351616669786,
                    0.903663767240334,
                    1.4631993047347105
                ],
                [
                    0.982628805013585,
                    0.031684713527381156,
                    -0.18285707666443218,
                    -1.4348479828829659
                ],
                [
                    -0.10160940127205574,
                    0.916362616152792,
                    -0.3872403456391709,
                    -0.21486789038044174
                ],
                [
                    0.0,
                    0.0,
                    0.0,
                    1.0
                ]
            ]
        },
        {
            "file_path": "./data/nerf_llff_data/stone/images/040.png",
            "sharpness": 4337.040260959599,
            "transform_matrix": [
                [
                    0.36156473774173326,
                    0.4033296819039484,
                    0.8405927123863325,
                    1.5655416410454501
                ],
                [
                    0.9140881970371073,
                    0.024206953627742805,
                    -0.40479228183540605,
                    -0.9632224475873377
                ],
                [
                    -0.18361293107840207,
                    0.9147344921294516,
                    -0.3599265209031893,
                    -0.2740717565400903
                ],
                [
                    0.0,
                    0.0,
                    0.0,
                    1.0
                ]
            ]
        },
        {
            "file_path": "./data/nerf_llff_data/stone/images/041.png",
            "sharpness": 236.17413098535897,
            "transform_matrix": [
                [
                    0.2143073855467028,
                    0.26928502338862814,
                    0.9389131592850969,
                    1.4109325239573005
                ],
                [
                    0.9694870525246819,
                    0.05849267772050737,
                    -0.2380618861558668,
                    -0.864686850861065
                ],
                [
                    -0.11902604541503017,
                    0.9612825717923268,
                    -0.2485329307781744,
                    0.11886713438935947
                ],
                [
                    0.0,
                    0.0,
                    0.0,
                    1.0
                ]
            ]
        },
        {
            "file_path": "./data/nerf_llff_data/stone/images/042.png",
            "sharpness": 5942.124479404015,
            "transform_matrix": [
                [
                    0.4222721565719207,
                    0.1922080593044056,
                    0.8858568099430817,
                    0.9518010400735828
                ],
                [
                    0.8927350073647181,
                    0.08128976543722519,
                    -0.44318865132207286,
                    0.044989225059207216
                ],
                [
                    -0.15719552286759425,
                    0.9779816133105954,
                    -0.13726445868027312,
                    -0.3260186076106302
                ],
                [
                    0.0,
                    0.0,
                    0.0,
                    1.0
                ]
            ]
        },
        {
            "file_path": "./data/nerf_llff_data/stone/images/043.png",
            "sharpness": 5590.7445076799,
            "transform_matrix": [
                [
